mac p pairid sleaf tleaf time err_pol err_ionic err_sum pareto
0.2 6 0 32 32 9.05086 4.42949e-09 2.18771e-07 3.62667e-10 0
0.2 6 1 64 64 12.2999 1.90737e-09 4.74696e-08 1.52546e-10 0
0.2 6 2 128 128 16.3648 1.42198e-09 5.3228e-08 1.15108e-10 0
0.2 6 3 256 256 21.374 3.64695e-10 6.84288e-09 2.89943e-11 0
0.2 7 0 32 32 10.9713 1.43563e-09 3.70437e-08 1.1492e-10 0
0.2 7 1 64 64 13.0521 2.06975e-10 1.92008e-09 1.6303e-11 0
0.2 7 2 128 128 16.7609 3.96549e-10 1.02415e-08 3.17436e-11 0
0.2 7 3 256 256 21.4235 8.03693e-11 1.92746e-09 6.42199e-12 0
0.2 8 0 32 32 15.0299 2.26148e-11 1.58087e-09 1.64253e-12 0
0.2 8 1 64 64 14.5644 5.05188e-11 1.65226e-09 4.07107e-12 0
0.2 8 2 128 128 17.095 2.6723e-11 1.14052e-10 2.07693e-12 0
0.2 8 3 256 256 21.3845 1.7204e-12 2.51376e-11 1.36199e-13 0
0.2 9 0 32 32 19.4582 1.09122e-11 6.40981e-10 9.01374e-13 0
0.2 9 1 64 64 16.6151 5.88634e-12 5.85403e-11 4.63989e-13 0
0.2 9 2 128 128 18.0027 1.33851e-12 3.8765e-11 1.0741e-13 1
0.2 9 3 256 256 21.6394 4.06006e-12 7.40631e-11 3.22628e-13 0
0.2 10 0 32 32 25.422 2.27988e-12 1.48729e-10 1.89606e-13 0
0.2 10 1 64 64 18.9393 1.05917e-12 4.47252e-11 8.5968e-14 0
0.2 10 2 128 128 18.6851 1.85061e-13 1.36839e-11 1.54862e-14 1
0.2 10 3 256 256 21.9176 3.65671e-14 2.24952e-12 3.17665e-15 1
0.3 6 0 32 32 3.76714 2.86139e-08 2.88757e-06 2.45701e-09 0
0.3 6 1 64 64 5.33987 2.98821e-08 1.04042e-06 2.41288e-09 0
0.3 6 2 128 128 8.09022 2.58425e-09 2.4065e-07 2.20344e-10 0
0.3 6 3 256 256 12.9772 3.57595e-08 8.2931e-07 2.85524e-09 0
0.3 7 0 32 32 4.63344 8.86259e-09 3.23638e-07 6.6664e-10 0
0.3 7 1 64 64 5.77862 7.86848e-09 5.7294e-07 6.58518e-10 0
0.3 7 2 128 128 8.22258 2.72215e-09 1.98661e-07 2.27853e-10 0
0.3 7 3 256 256 12.9855 1.11525e-10 1.07772e-07 3.54395e-13 0
0.3 8 0 32 32 6.67363 2.8504e-09 3.11926e-07 2.46638e-10 0
0.3 8 1 64 64 6.82526 1.84913e-09 5.25035e-08 1.48391e-10 0
0.3 8 2 128 128 8.75773 7.67534e-10 1.63089e-08 6.11687e-11 0
0.3 8 3 256 256 13.2139 3.89274e-10 1.55541e-08 3.15876e-11 0
0.3 9 0 32 32 8.50129 4.77837e-10 8.65213e-08 4.39982e-11 0
0.3 9 1 64 64 7.6904 1.78525e-10 9.24854e-09 1.46501e-11 1
0.3 9 2 128 128 9.18644 7.35575e-10 1.80261e-08 5.88075e-11 0
0.3 9 3 256 256 13.3758 2.33679e-11 1.00433e-09 1.90162e-12 0
0.3 10 0 32 32 11.095 1.32661e-10 2.3598e-09 1.01712e-11 0
0.3 10 1 64 64 9.2602 5.65836e-12 7.53919e-10 4.99925e-13 1
0.3 10 2 128 128 10.0053 8.35621e-12 1.65169e-10 6.393e-13 0
0.3 10 3 256 256 13.838 2.4398e-11 5.50302e-10 1.94689e-12 0
0.4 6 0 32 32 2.0794 1.21494e-07 2.57124e-05 1.14747e-08 0
0.4 6 1 64 64 2.92197 4.89948e-07 1.82192e-05 3.96515e-08 0
0.4 6 2 128 128 4.40569 1.79962e-07 2.99126e-06 1.42776e-08 0
0.4 6 3 256 256 7.74073 1.04563e-07 4.01696e-06 8.47226e-09 0
0.4 7 0 32 32 2.56642 1.48404e-07 5.25891e-06 1.19902e-08 0
0.4 7 1 64 64 3.14723 2.1244e-08 3.32287e-06 1.91553e-09 0
0.4 7 2 128 128 4.55102 2.58359e-08 9.84881e-07 2.09278e-09 0
0.4 7 3 256 256 7.93895 2.3895e-08 6.49922e-07 1.91533e-09 0
0.4 8 0 32 32 3.63335 1.49238e-07 7.30265e-06 1.22136e-08 0
0.4 8 1 64 64 3.69216 2.15781e-08 8.35684e-07 1.74889e-09 0
0.4 8 2 128 128 4.81386 6.50163e-09 3.49513e-08 5.04737e-10 0
0.4 8 3 256 256 7.95022 1.3507e-08 3.53697e-07 1.08161e-09 0
0.4 9 0 32 32 4.73613 2.13501e-08 1.65463e-06 1.79456e-09 0
0.4 9 1 64 64 4.31411 9.04517e-09 2.7801e-07 7.27505e-10 0
0.4 9 2 128 128 5.23588 3.03378e-09 8.98591e-08 2.29821e-10 0
0.4 9 3 256 256 8.07519 2.89313e-09 5.10162e-08 2.29758e-10 0
0.4 10 0 32 32 6.1655 3.59168e-09 1.25347e-07 2.70615e-10 0
0.4 10 1 64 64 5.00169 2.86768e-09 3.91385e-08 2.20787e-10 0
0.4 10 2 128 128 5.45107 2.19208e-09 4.15737e-08 1.7431e-10 0
0.4 10 3 256 256 8.18542 2.02593e-10 1.40756e-08 1.69025e-11 0
0.5 6 0 32 32 1.28694 1.01076e-06 3.52901e-05 8.16233e-08 0
0.5 6 1 64 64 1.75125 3.36435e-07 5.167e-05 3.02618e-08 0
0.5 6 2 128 128 2.64442 9.34903e-07 1.07688e-05 7.38026e-08 0
0.5 6 3 256 256 4.70008 1.73164e-06 4.67549e-05 1.38775e-07 0
0.5 7 0 32 32 1.61671 1.1855e-06 4.54191e-05 9.60462e-08 0
0.5 7 1 64 64 1.94605 2.48313e-07 2.06165e-05 1.77832e-08 0
0.5 7 2 128 128 2.77851 1.18041e-07 1.08636e-05 1.00547e-08 0
0.5 7 3 256 256 4.7679 7.80483e-08 5.78757e-06 6.54e-09 0
0.5 8 0 32 32 2.27425 4.71277e-07 2.21456e-05 3.84985e-08 0
0.5 8 1 64 64 2.33538 3.33077e-07 2.45658e-06 2.5806e-08 0
0.5 8 2 128 128 3.00793 1.79531e-09 4.64552e-06 5.00056e-10 1
0.5 8 3 256 256 4.88114 9.62563e-08 1.69743e-06 7.64421e-09 0
0.5 9 0 32 32 2.93267 2.51791e-07 8.96073e-06 2.03463e-08 0
0.5 9 1 64 64 2.68548 5.7369e-08 2.15189e-06 4.31086e-09 0
0.5 9 2 128 128 3.16792 4.24087e-08 1.86281e-06 3.45428e-09 0
0.5 9 3 256 256 5.0365 3.20319e-08 6.41473e-07 2.54976e-09 0
0.5 10 0 32 32 3.89544 1.80099e-09 3.39008e-08 1.43192e-10 0
0.5 10 1 64 64 3.23354 2.21147e-08 1.0294e-06 1.80579e-09 0
0.5 10 2 128 128 3.47344 9.60115e-09 1.95036e-09 7.49208e-10 0
0.5 10 3 256 256 5.16606 6.67264e-09 2.56736e-07 5.40684e-10 0
0.6 6 0 32 32 0.920485 8.21356e-06 0.000251654 6.60557e-07 0
0.6 6 1 64 64 1.19838 7.98757e-06 0.000134622 6.33852e-07 0
0.6 6 2 128 128 1.78543 3.45559e-06 0.000127445 2.79579e-07 0
0.6 6 3 256 256 3.09251 1.49716e-06 3.05145e-05 1.19216e-07 0
0.6 7 0 32 32 1.15145 2.79367e-06 0.000105167 2.26191e-07 0
0.6 7 1 64 64 1.3501 1.84151e-06 7.08027e-05 1.49214e-07 0
0.6 7 2 128 128 1.87299 5.88747e-08 1.91505e-05 3.11133e-09 1
0.6 7 3 256 256 3.15678 2.16593e-06 4.02746e-05 1.72169e-07 0
0.6 8 0 32 32 1.58941 3.03079e-07 5.35014e-05 2.78002e-08 1
0.6 8 1 64 64 1.61023 1.14e-06 4.76067e-05 9.26646e-08 0
0.6 8 2 128 128 2.04488 4.18965e-07 3.00516e-05 3.03714e-08 0
0.6 8 3 256 256 3.30835 2.70471e-07 5.67892e-06 2.067e-08 0
0.6 9 0 32 32 2.07341 1.10274e-06 8.4593e-05 9.26217e-08 0
0.6 9 1 64 64 1.9028 1.007e-06 4.51673e-05 8.20946e-08 0
0.6 9 2 128 128 2.21966 1.10107e-07 8.00828e-07 8.65579e-09 0
0.6 9 3 256 256 3.41327 3.09897e-08 8.87844e-06 3.10661e-09 0
0.6 10 0 32 32 2.66986 1.50127e-07 5.97095e-06 1.21799e-08 0
0.6 10 1 64 64 2.28235 1.58685e-07 8.0609e-06 1.30098e-08 0
0.6 10 2 128 128 2.40594 8.02442e-09 2.35649e-06 8.08878e-10 1
0.6 10 3 256 256 3.45502 4.02703e-09 6.10808e-06 1.58948e-10 0
0.7 6 0 32 32 0.719657 3.60859e-05 8.1882e-05 2.82281e-06 0
0.7 6 1 64 64 0.875793 9.56224e-06 0.00135654 8.51427e-07 0
0.7 6 2 128 128 1.25184 4.07097e-06 0.000226638 3.35294e-07 0
0.7 6 3 256 256 2.15553 8.82346e-06 0.000396753 7.19401e-07 0
0.7 7 0 32 32 0.913512 9.96834e-07 0.000646881 2.76816e-08 1
0.7 7 1 64 64 1.01992 2.83245e-06 5.37366e-05 2.25233e-07 0
0.7 7 2 128 128 1.33682 2.61458e-06 0.000125446 1.94345e-07 0
0.7 7 3 256 256 2.21295 3.34953e-07 3.9545e-06 2.64491e-08 0
0.7 8 0 32 32 1.21206 1.03918e-05 5.44725e-05 8.0685e-07 0
0.7 8 1 64 64 1.19149 2.34969e-06 2.55782e-05 1.85372e-07 0
0.7 8 2 128 128 1.469 1.69559e-06 1.04057e-06 1.3242e-07 0
0.7 8 3 256 256 2.29488 3.08262e-06 1.75602e-05 2.41955e-07 0
0.7 9 0 32 32 1.59713 3.18927e-06 7.19568e-05 2.43344e-07 0
0.7 9 1 64 64 1.45062 1.03807e-06 2.29193e-06 8.11981e-08 0
0.7 9 2 128 128 1.6476 6.58171e-07 3.73294e-05 4.84773e-08 0
0.7 9 3 256 256 2.38843 1.15424e-06 5.31514e-05 9.42054e-08 0
0.7 10 0 32 32 2.03859 1.75866e-07 8.83671e-05 2.05729e-08 0
0.7 10 1 64 64 1.71612 1.38873e-06 2.89196e-06 1.08165e-07 0
0.7 10 2 128 128 1.79539 1.94598e-07 7.31432e-05 9.52102e-09 1
0.7 10 3 256 256 2.50916 1.72845e-08 4.18241e-06 1.67309e-09 0
0.8 6 0 32 32 0.586696 5.81022e-05 0.000481547 4.57212e-06 1
0.8 6 1 64 64 0.691651 7.18593e-06 0.0022688 3.85068e-07 1
0.8 6 2 128 128 0.954647 3.61934e-07 0.00125045 1.25133e-07 1
0.8 6 3 256 256 1.61528 1.43146e-05 0.0010862 1.2014e-06 0
0.8 7 0 32 32 0.779597 5.7307e-06 0.000582565 4.92412e-07 1
0.8 7 1 64 64 0.835883 4.33498e-06 0.00175336 2.0249e-07 1
0.8 7 2 128 128 1.06035 1.70078e-06 0.000920512 6.14229e-08 0
0.8 7 3 256 256 1.70203 2.93438e-06 0.000401129 1.97946e-07 0
0.8 8 0 32 32 1.03311 4.0267e-06 3.8847e-05 3.1729e-07 0
0.8 8 1 64 64 0.98797 5.933e-07 0.00148375 6.86544e-08 0
0.8 8 2 128 128 1.17272 6.0566e-06 0.000234405 4.54549e-07 0
0.8 8 3 256 256 1.73788 5.12194e-06 0.000473711 4.36465e-07 0
0.8 9 0 32 32 1.28634 1.86355e-06 0.000456236 1.10099e-07 0
0.8 9 1 64 64 1.15832 1.78721e-05 0.000829317 1.33065e-06 0
0.8 9 2 128 128 1.25712 3.83227e-06 0.000430355 3.32448e-07 0
0.8 9 3 256 256 1.88525 2.22641e-06 9.97837e-05 1.66038e-07 0
0.8 10 0 32 32 1.71841 7.0756e-06 0.000474538 5.8901e-07 0
0.8 10 1 64 64 1.42282 5.71077e-06 0.00136475 3.39979e-07 0
0.8 10 2 128 128 1.42894 1.78435e-06 0.000181526 1.25202e-07 0
0.8 10 3 256 256 1.95717 3.73765e-07 4.05226e-05 2.60323e-08 0
